#JOSM PicLayer plugin calibration data
#Fri Mar 24 01:46:59 CDT 2023
POSITION_Y=-394.78747779559285
POSITION_X=-80.90174298414786
M12=-136.79155051762802
M11=0.9167510808934265
M10=-0.0022102066946860788
M02=-216.26124674801028
INITIAL_SCALE=222.94025821690343
M01=-2.1490576768448547E-4
M00=0.9296672799786488
